Top 20
Hit Ratio:0.0942
Precision:0.00813
Recall:0.09381
NDCG:0.04675
coverage:0.0
entropy:0.0
Top 100
Hit Ratio:0.222
Precision:0.00383
Recall:0.2167
NDCG:0.0722
coverage:0.0
entropy:0.0
