Top 20
Hit Ratio:0.15148
Precision:0.01307
Recall:0.15542
NDCG:0.08015
Top 100
Hit Ratio:0.31328
Precision:0.00541
Recall:0.31398
NDCG:0.11307
