Top 20
Hit Ratio:0.09262
Precision:0.00799
Recall:0.09121
NDCG:0.04596
coverage:0.0
entropy:0.0
Top 100
Hit Ratio:0.21837
Precision:0.00377
Recall:0.21206
NDCG:0.07103
coverage:0.0
entropy:0.0
